time,x,y,z,phi,theta,psi,x_velocity,y_velocity,z_velocity,phi_velocity,theta_velocity,psi_velocity,rotor_speed1,rotor_speed2,rotor_speed3,rotor_speed4
0.06,0.0067463703727474655,1.4435275600230794e-06,10.007155960690355,0.000842891104208654,6.017177445893095,0.0,0.22488521602200148,0.00011090188902239192,0.23850067004364975,0.03304486394405869,-0.03884273843593451,0.0,489.3550856703327,486.4556584971602,485.7610237924796,488.23223479790386
0.12000000000000001,0.02550055904042718,3.1440507955861845e-05,10.023091336349216,0.002840114590139109,6.015235212039984,0.0,0.4004356321183028,0.0010783554110457914,0.2925986569205569,0.03376700112046155,-0.021838179580454007,0.0,428.8642746849527,430.30544343634034,430.0928377790405,430.15446259093534
0.18,0.05562956175862476,0.00016750152955022213,10.045214296754816,0.004660707804081454,6.013993556993572,0.0,0.6039609182928685,0.00366885348516679,0.4447205845321796,0.022424949532453862,-0.018499485058603615,0.0,461.88524776251575,462.1484683269469,461.7320571180776,460.83679886977745
0.23999999999999996,0.09845543409278723,0.0005049061665402058,10.078141298167772,0.0058921219286043325,6.013548067458956,0.0,0.8235801126820638,0.007729527394591745,0.6526800081446983,0.016420725376803745,0.008603356437509,0.0,478.1990717323911,480.25896275905075,478.9985032638309,478.5416950329899
0.3,0.15207898313250243,0.0010616252466125245,10.114943310521383,0.00689513282537213,6.0143125143616345,0.0,0.9637893122932477,0.010903216385854494,0.5741056599225054,0.017302574736568044,0.019943725143343846,0.0,383.1592332941752,384.23562805281716,383.62576061328605,383.7094406008108
0.36000000000000004,0.2157905054672672,0.0018690811387126794,10.153203451747206,0.008689352964860397,6.015142615838556,0.0,1.15973075644468,0.016169552265938525,0.7011469546432343,0.047502516889571765,-0.0026276889921089874,0.0,455.62441233386204,453.81641547317156,452.50894941641957,454.9334527571631
0.4200000000000001,0.29028034247017165,0.0030051004922247563,10.195616252838068,0.01132392529830728,6.01517708641194,0.0,1.3231972139339556,0.02194228056086899,0.7125791108851612,0.035531836437845125,0.006313188288911779,0.0,415.88959949353307,416.67187476416956,416.67719266233496,415.63071164624193
0.48000000000000015,0.37503452790679676,0.004552813404689611,10.240434302484346,0.013026774984401968,6.015300415745333,0.0,1.5018197768971773,0.02984023747888801,0.7812755840945924,0.007562403509255673,-0.008220886822286633,0.0,436.2745328282361,435.05943529105997,436.79902937468205,434.4607565300183
0.5400000000000001,0.4718740034802052,0.006667745056611727,10.294410720414628,0.01337589965095809,6.015159633464538,0.0,1.726038684539172,0.04070291503772216,1.017643498858418,0.0020808582984807,0.007376135718179316,0.0,487.33393283230447,488.4982874000402,488.6068419014076,488.19795653938814
0.6000000000000002,0.5802282869986196,0.009348812031076395,10.355574671106668,0.014258045046777745,6.015747356016329,0.0,1.8856241309067128,0.04871648352540876,1.021134592364893,0.03232338335893867,0.014241127242061748,0.0,413.1604731456633,413.7651270994581,414.06208763885763,416.71389687791833
0.6600000000000003,0.6979972523346579,0.01252536734569816,10.416478743528229,0.01690963385113342,6.016688321675293,0.0,2.0398268554840344,0.05737069703191232,1.0090094433205095,0.06105024020751966,0.018420334285872933,0.0,409.6622489591926,410.0335880603656,406.860009411232,409.4248661467892
0.7200000000000003,0.827065827096327,0.016406172122568088,10.484304797756092,0.020400441103303635,6.017899794141041,0.0,2.262104454130028,0.07242467758402812,1.2515205351565126,0.0517164912814964,0.023516277351030918,0.0,490.99508012011887,491.37289951491124,490.3202845115083,489.6284286309451
0.7800000000000004,0.9686164526927684,0.021213043028475806,10.56374122564543,0.023328241343715916,6.01909272626969,0.0,2.4559145019475683,0.08812763177140572,1.396123964474072,0.04220532251513952,0.01138912212370062,0.0,463.15630222553636,462.2015529706904,461.0439971872829,460.29333169198895
0.8400000000000004,1.119953110683444,0.026866454121543086,10.645224931467343,0.025752500638565934,6.020599427914313,0.0,2.5884499848532436,0.10051054888748083,1.3201187078671894,0.03653546806390458,0.0438003253090801,0.0,386.22093064371825,389.26589685952047,387.15835347828636,386.6256518424926
0.9000000000000005,1.2821451093894263,0.033588596136468696,10.733175947775996,0.028512367695737062,6.023191047680562,0.0,2.8173234252638606,0.12387696302855157,1.611110345598667,0.060236573081795974,0.041952225004083694,0.0,506.1795947295515,506.04737594068826,504.04426451311065,505.75500658524254
0.9600000000000005,1.4555670969387324,0.041527703908562426,10.829546299195782,0.0320544543139345,6.026102079571517,0.0,2.9630264240191697,0.14106804852394123,1.6012779315914936,0.05651697747026587,0.05917220508090202,0.0,411.8960681391922,413.41769697933734,411.6854385520387,411.35894153385874
1.0200000000000005,1.639041211629884,0.05073374932901635,10.930655743111931,0.03581735212354076,6.030419410167951,0.0,3.152075878790047,0.16619437268724718,1.7687697851878692,0.07287585396668558,0.08972999080136909,0.0,467.9278092056374,470.30396654734955,469.99963170220866,471.2682937770464
1.0800000000000005,1.8326186710355667,0.06138021453017051,11.037553493353162,0.040040000693243094,6.035625151696824,0.0,3.2998411745960436,0.18908075742928546,1.7945253392835434,0.0648463118175538,0.08005076515446344,0.0,425.3755718055634,424.5524707835829,425.04284794975047,424.35817753426534
1.1400000000000006,2.0360744768633756,0.0736613450912199,11.150541813760015,0.04373685882717737,6.040635971161549,0.0,3.4811879687015015,0.2207091300373339,1.9714525989898706,0.0542108660495223,0.08966502335251789,0.0,473.1552757076968,473.9000383325994,473.23742033509177,472.42053401959606
1.2000000000000006,2.2501027251714665,0.08789623893557695,11.273537048017419,0.047556980747645916,6.046073968277,0.0,3.6522180988470527,0.2541706374512809,2.1281201871845563,0.07790048627330422,0.09250142059165765,0.0,467.5480043121397,467.775367259629,466.6475883629075,468.49574626734545
1.2600000000000007,2.4738556225150496,0.10415447000739722,11.404389025054343,0.05199655224713062,6.052495572298806,0.0,3.805339773000468,0.28823285842624286,2.233460587681751,0.06473898655222578,0.12645275198114306,0.0,450.80730629652584,453.5516535582591,452.696660937886,451.6404817073021
1.3200000000000007,2.7059496702394243,0.12239658333466087,11.538728908012729,0.05604963065473001,6.059859327917788,0.0,3.930271679942578,0.32019633840986134,2.2446518918257876,0.07265151671253538,0.11399789193471249,0.0,422.32447011992696,421.2632524689084,420.9781286189491,421.6659274690334
1.3800000000000008,2.9453169181739725,0.14261830721687713,11.673523106521714,0.06021957631022001,6.066420460211884,0.0,4.047861967053471,0.354241912508853,2.2485979981578215,0.062305969242696296,0.0979146796560885,0.0,419.4597474755828,418.07190738466676,419.38570707316484,418.49009511699234
1.4400000000000008,3.191946150425484,0.16505541921760827,11.81020328205496,0.06350693286931719,6.072489565577001,0.0,4.172324235509477,0.3940018016707637,2.3073599034514714,0.03222069293626927,0.106941948464591,0.0,436.3468796870343,437.10885333071957,438.4282479398039,435.9233041224042
1.5000000000000009,3.446186770921927,0.19002687333707063,11.951840768094822,0.06572082895242826,6.078542434830544,0.0,4.301473999977394,0.4385821790338177,2.4137305847125403,0.04490970734396755,0.08461859805633232,0.0,453.79940150997174,452.0122876793397,451.24852132113165,452.272285107574
1.560000000000001,3.7079991099894776,0.21771794771439354,12.099793852808766,0.06908732791738803,6.084362175614803,0.0,4.424798132879342,0.4847558548429476,2.5178444988296733,0.07226330707878048,0.11436249574972777,0.0,450.5567595887401,452.9626585539059,451.15508495921614,453.36025582120044
1.620000000000001,3.9768161786634035,0.24817595928683875,12.25286353392502,0.07394918963502572,6.091303596631452,0.0,4.534881544426093,0.5309550735604504,2.5844072661528337,0.0944538372515371,0.11821966421127793,0.0,440.09930122779906,440.43054475717395,439.6060256246706,441.4462058775012
1.680000000000001,4.251806985620731,0.28140773774151795,12.408621210292099,0.07998371754564726,6.098609679795109,0.0,4.630634208062833,0.577305627952476,2.6075601112740174,0.11062962796489084,0.12805259856495937,0.0,425.76312499441366,426.61763307953817,425.6849548913025,427.07603705100956
1.740000000000001,4.532816960858747,0.31773175713931384,12.568197380770538,0.08657330321533774,6.10711261956185,0.0,4.7352890035416335,0.6341590829991176,2.711468118547415,0.10817110847911098,0.16033341475079796,0.0,451.16398477745344,453.78046745734827,452.334222256658,452.1466097958791
1.8000000000000012,4.819956799979702,0.3576415650211848,12.734438475746746,0.09333707622172582,6.117159141775872,0.0,4.834760583050553,0.6968463597059996,2.8297113932771656,0.12055992712538466,0.17880028945180254,0.0,456.2089989097585,457.7068467488807,456.8970258972257,457.8945233459698
1.8600000000000012,5.113067547588441,0.4016090109670182,12.90935546960857,0.10064236574437935,6.128225388304287,0.0,4.934097801140927,0.7695207799739624,3.0005023985901076,0.12404132889356548,0.1938171056892787,0.0,473.65078109744104,474.83469995856336,472.84758886623325,473.1281313883485
1.9200000000000013,5.411751180711691,0.45004693763505826,13.093946788033392,0.1087790426314843,6.139594610000675,0.0,5.020504106644961,0.8459079825121707,3.152224000329276,0.15214766235266716,0.17901723140234319,0.0,469.3971981099194,468.27992327262325,467.2499485883507,469.45153213326705
1.9800000000000013,5.715031420949903,0.5030249522269571,13.285561145679715,0.11803255353029396,6.1500616690999905,0.0,5.087574433250498,0.9209264785944524,3.2347616765969294,0.15808171396781798,0.16326635860076427,0.0,448.1324135447185,446.87903820287306,448.03752854060843,448.5419593778877
2.0400000000000014,6.021872113881554,0.5604929380551642,13.480469086950627,0.1272020031850012,6.159846676733933,0.0,5.139389390235554,0.9955290795468983,3.2621542546526245,0.13942376503100248,0.16271563741487072,0.0,430.48048050353236,430.46015940295274,431.2533809311006,429.6969951071625
2.1000000000000014,6.332211040297777,0.6232366812335948,13.681912657755195,0.1354942286131653,6.169271499106509,0.0,5.203902113176071,1.096817319041866,3.4520365256757852,0.13564777576039244,0.14238181367060276,0.0,481.1708897302647,479.65004718189687,481.95174989382434,481.6823295037239
2.1600000000000015,6.646246878710512,0.6923382288311883,13.89537713548315,0.143257745073603,6.177826974166894,0.0,5.262724453323295,1.2074167017252446,3.6627053597342614,0.1123878711409935,0.14300638773955787,0.0,488.5045640588859,488.5680773990874,489.1962979906109,487.47451092276447
2.2200000000000015,6.96328552482457,0.7678516593170918,14.118695944229804,0.1503455609135429,6.186375587336695,0.0,5.304158469673717,1.3103632443680675,3.7808455824490266,0.12766136833609384,0.14139757349045387,0.0,462.04437673373656,461.9355863989756,461.9627474584185,463.1774255059723
2.2800000000000016,7.282432055301619,0.8494252844730958,14.347335743871483,0.15807824060644915,6.195098672506948,0.0,5.3330892403293175,1.4094634582099326,3.8402665866649794,0.1312041613437214,0.15235061002681968,0.0,444.71731528865286,445.6332887413928,444.22153514674665,444.5271654786265
2.3400000000000016,7.602887198540935,0.9366727645790993,14.57691046170496,0.16590562401832099,6.204362855656276,0.0,5.347877655760529,1.4994551111282894,3.812348663276284,0.1289189649501093,0.15821619782680296,0.0,415.8967740711955,416.43451665669596,416.7501697587682,416.56720325703975
2.4000000000000017,7.924272555575041,1.0299319514809462,14.807656772191073,0.1743221615354864,6.213906450606544,0.0,5.363912229409804,1.609928880326439,3.8789264767534175,0.1565881111727181,0.16069400200210474,0.0,446.91585312656457,447.1416275467457,446.40478958468685,448.6747069278583
2.4600000000000017,8.246665070143935,1.1306542212006647,15.04612709521929,0.1838274285957091,6.224219402140825,0.0,5.3811832247224824,1.7484350631919277,4.069264189765974,0.1618516529062229,0.1880139658875309,0.0,484.4885221535724,486.56340044717126,485.59311073008956,486.00926115729743
2.520000000000002,8.569892130488268,1.2401346214111988,15.297193215875831,0.1929598771162242,6.235333374517282,0.0,5.391521140395626,1.9018984406867998,4.298582447320814,0.11337276308670861,0.17900339902670137,0.0,499.14128420855405,498.51233858788584,500.08488643636275,496.5583345721307
2.580000000000002,8.893290010960728,1.3583787371276017,15.558683130966681,0.1996144075597286,6.2458173504593155,0.0,5.3871682104478955,2.0401646050571793,4.417216632447876,0.10546451508829538,0.16443827315718104,0.0,468.0053713516318,466.8977824170757,468.59052753066914,467.9854676876669
2.640000000000002,9.216065965883354,1.484375172902905,15.823940040798199,0.2065990813344678,6.256136754121858,0.0,5.371050389241071,2.160279795718341,4.424607526905717,0.1322909321230027,0.18391413298197742,0.0,433.1073184746074,434.77127857689305,432.425414305681,434.69173384117244
2.700000000000002,9.537682566078026,1.6178104390210175,16.09013603585557,0.21489179483220155,6.267215431022546,0.0,5.348411637764659,2.2882530615295593,4.448405764547853,0.14798850750481402,0.1860648067328721,0.0,438.4762863014108,438.68848453043205,439.4194783440375,440.73673993595713
2.760000000000002,9.857742707112095,1.7594201793551063,16.359314005453104,0.22403391348792123,6.278025953486633,0.0,5.319093940515144,2.4328534294079613,4.523717392400667,0.15993046988908935,0.1645665295263124,0.0,457.5717790157754,455.8869383524438,455.3366607014691,456.31225324102024
2.820000000000002,10.17580951062681,1.9092361692427124,16.630158071772602,0.23422166047466053,0.004957763864646303,0.0,5.282238616191929,2.561824038066376,4.504307977453706,0.18448073234605844,0.1756826408177994,0.0,425.967743851452,426.94581814543477,425.5924928678079,427.71724564692573
2.880000000000002,10.491441079137468,2.068277493073164,16.90527037480755,0.24585146913200973,0.015845330227854504,0.0,5.237568400191401,2.740593764974363,4.6650662339682505,0.20792387298345424,0.1910337482335039,0.0,483.3085572692927,484.4929791251278,482.94933576945266,484.7472431018577
2.940000000000002,10.804329735479396,2.2355932331024713,17.179272399610166,0.2583012139541232,0.02728311739485889,0.0,5.191329817735173,2.837481679727124,4.468974308554047,0.20662700814267956,0.1898107154546851,0.0,364.347052839132,364.268873086244,365.23149307064926,365.154689786569
3.000000000000002,11.114148360733278,2.410211964496018,17.44655156303374,0.2707464164790929,0.03838377034253693,0.0,5.134986319815891,2.9841255534840734,4.440099875657266,0.2089580930498294,0.17310199002119322,0.0,425.57919138446573,424.18110403377267,424.4102155368669,424.6547769830871
3.0600000000000023,11.420276723768614,2.594635822891583,17.714932237978125,0.2835491039342788,0.04858372555225898,0.0,5.068292250968693,3.1643832260195524,4.505167957258431,0.22099609079642066,0.16294341085288713,0.0,456.7816609485743,455.99753520199886,455.7643309945519,456.76898601813934
3.1200000000000023,11.722255284920267,2.7898178068894635,17.986134728847535,0.2968771027881756,0.05864079162805602,0.0,4.996759306115628,3.342740363659309,4.534260134719738,0.2243119632748081,0.17561632177306122,0.0,445.6638166039072,446.7251749374309,446.42090108552526,446.7400287120111
3.1800000000000024,12.019838422792539,2.9955106575361956,18.257637404959436,0.3105992508888029,0.06909075882066595,0.0,4.921792628898777,3.514721986194998,4.515361922432347,0.2362752867946733,0.1711001499001772,0.0,431.78776851844424,431.4367053864984,431.5491293333835,432.61129878796316
3.2400000000000024,12.312543513278108,3.2126161770935187,18.53063079172577,0.32441521718797883,0.07904179974083014,0.0,4.834094183225063,3.723228140364089,4.583425015156024,0.21422428835241109,0.15247935668592627,0.0,462.23056753920247,460.7855073490162,462.7336490260275,461.04432974293775
3.3000000000000025,12.599974336862095,3.44176923271669,18.805519652084755,0.3377070702580882,0.08847137389632209,0.0,4.746168396626721,3.916152264048844,4.578896791809766,0.23313903252623444,0.1651674025820204,0.0,439.7829573604695,440.8562937525995,438.84665598758704,440.46280776377415
3.3600000000000025,12.881955626819186,3.6827480245520037,19.080155788200294,0.35146122358083964,0.09845867393303376,0.0,4.652384491004744,4.1174620492139065,4.574918182181145,0.22001028011463764,0.16891000040913406,0.0,442.00646970141617,442.3414575254847,441.75726111084316,440.7256887424368
3.4200000000000026,13.157919747950624,3.936764553351938,19.356480992509724,0.3646788678482835,0.10882667055676354,0.0,4.54550093989749,4.350665313854256,4.634820590179927,0.22085465970224422,0.17961462939407205,0.0,463.87870567766475,464.74582666832026,464.6380339300185,464.7499577715646
3.4800000000000026,13.427455548477576,4.2043925782886085,19.634712933232443,0.37795333779119833,0.11913531897542917,0.0,4.438141458421678,4.571138807302856,4.638722308948423,0.22200177460953469,0.14779653999609788,0.0,449.5983474147951,447.03981356979114,448.5044951790923,448.6456465281706
3.5400000000000027,13.690317184797125,4.485634961200601,19.913533553840924,0.39138056163634793,0.12816950115152626,0.0,4.323210829150479,4.804445762640587,4.6542996957914955,0.22713182773838753,0.15560185161144321,0.0,454.5011722796013,455.1471145688653,453.7027478106028,454.16296995032354
3.6000000000000028,13.94618641165516,4.780904083042758,20.1927456896508,0.4045858241123126,0.13721564499683936,0.0,4.205058516793811,5.038666642342335,4.651810491973563,0.19981454644582078,0.13875127259663694,0.0,450.9243843955128,449.58174138882293,451.9914578567518,449.83057126666046
3.660000000000003,14.195164271365554,5.08943680420262,20.46943586048433,0.41648415175449927,0.14519890005891334,0.0,4.093663919722181,5.246422574869685,4.570711705161021,0.19510795400405131,0.1181322694864165,0.0,425.25718788220735,423.50391437113285,426.0082242714767,425.6458538572619
3.720000000000003,14.436994422509223,5.41156884910306,20.743413639765695,0.4288133755900416,0.1520815941082354,0.0,3.96689996717191,5.491915388243635,4.560918001326333,0.2207405717881173,0.1068086061416778,0.0,452.0520839299353,451.1499791716706,450.4471461195317,452.55557978677797
3.780000000000003,14.670902421028932,5.749189268890081,21.01797321011769,0.44176380411082494,0.15831374315511582,0.0,3.829669546991986,5.76272772824244,4.589748271760123,0.2036178450486667,0.09723112455723427,0.0,466.4423491733306,465.7024753214853,468.6070728978247,467.3171137815227
3.840000000000003,14.89622253478471,6.103938737798007,21.295601679650687,0.4534567533775604,0.16444813508286327,0.0,3.680684406031411,6.06269541501987,4.662922811475378,0.1650703830352951,0.11073128709827147,0.0,483.8246602418835,484.8482212865994,486.30084766256226,483.43659745280684
3.900000000000003,15.11324809011279,6.474876566672752,21.573467150993498,0.46324639423826675,0.17096608220251674,0.0,3.5531349769578906,6.302234026423548,4.598585632563554,0.1590441153248103,0.10406875643320701,0.0,441.54299969482736,441.0033540087486,441.0778111782687,440.6053210375061
3.960000000000003,15.321557383883988,6.862810034767492,21.852439177216755,0.4725725075957099,0.1767392117390001,0.0,3.390211187960026,6.628903061041916,4.698735085415944,0.14702359902335038,0.07192381797962082,0.0,499.45081724644825,497.10683812302653,499.0654911483794,498.2070654081313
4.020000000000002,15.520818104793127,7.268384906049703,22.133262055655813,0.4813214251560112,0.18102119119154025,0.0,3.2517056284700874,6.890379435782686,4.6611480109190255,0.14328522218862885,0.07022798323212288,0.0,456.6157602652959,456.48418605929635,455.6934674449607,455.41378736765296
4.080000000000001,15.710932547872345,7.691727974713951,22.41557792252268,0.4904188626512944,0.18557906635385635,0.0,3.085393298768872,7.220910718897524,4.747620493714871,0.16452461088404777,0.085490731632949,0.0,499.5374023713055,500.65314082942405,499.01962089762407,500.5864635775292
4.14,15.892524777557195,8.131188580444341,22.695838600241736,0.5004197515013509,0.19108138147108722,0.0,2.967438900675916,7.428111078142105,4.594163851035239,0.17067433645253677,0.10188628899521864,0.0,418.98568291642727,420.416598680123,418.94511406300256,419.5079724407535
4.199999999999998,16.066737676567865,8.583759371308972,22.967953127783503,0.5107385065248442,0.19784507354810454,0.0,2.839329791264679,7.657837872087271,4.4757866181210035,0.17446564942463935,0.12849564591084442,0.0,432.46682678733345,434.71419793715114,433.38951952663274,433.73733972028464
4.259999999999997,16.232611937336266,9.051564507782468,23.23534303859522,0.521222859946981,0.20514650914551424,0.0,2.68940625728113,7.935734216940981,4.436058291656096,0.17528005148568124,0.1024398302051334,0.0,463.944782305483,461.906333237472,464.6383723689387,464.73015179711746
4.319999999999996,16.390532486171878,9.53340243237433,23.495517885892344,0.5315907810960034,0.21100739632425913,0.0,2.5743133668347333,8.125882202175267,4.236402612087426,0.1673149802928607,0.08589109174099435,0.0,407.0976946918989,405.62278083737533,405.39182816911506,404.7070927760762
4.379999999999995,16.540852292636963,10.028229490231723,23.74626935109026,0.5415169674168556,0.2162907459793253,0.0,2.436173018697775,8.368446406163885,4.121326505614962,0.1613925174812587,0.0920648260177016,0.0,438.432391628903,438.951705367579,440.09108037825894,439.62688666839387
4.439999999999993,16.682963841709814,10.537350453375854,23.989530770346946,0.5511517469785465,0.22169572279800676,0.0,2.3006767896297156,8.60232636348654,3.986865854447103,0.15890458510550748,0.08579452189019764,0.0,432.85579494998865,432.3346592623226,434.42892337588245,434.2453648854421
4.499999999999992,16.816815024515435,11.060731020729769,24.224967440362224,0.5607909323758511,0.22671453468488334,0.0,2.160878171510588,8.84369745135316,3.8604163729439653,0.16393475042775923,0.07896594373346567,0.0,437.29493821173986,436.7314046714292,438.66940778847425,439.11188786572177
4.559999999999991,16.94129935816539,11.6007842252584,24.456165957453038,0.5708676738551111,0.23188054117413248,0.0,1.9885711674943238,9.157758402846563,3.8446932044713495,0.17494677787432183,0.09749822700111382,0.0,480.25293765083813,481.66227306570926,480.0310531090177,480.8907320120231
4.6199999999999894,17.05546951669736,12.159531685287233,24.68598046272725,0.581064387952483,0.23724543317477842,0.0,1.8170057401641322,9.466835398323077,3.8142889869226253,0.15738997038643027,0.06380030303446091,0.0,479.5580579479939,476.9964819944269,480.65888175395236,479.351246258665
4.679999999999988,17.15938149488465,12.736662699445871,24.913542061009633,0.5905715353221073,0.24126392756901982,0.0,1.646829095843758,9.77044767743977,3.7697280007087075,0.16049439427993842,0.07266614885687471,0.0,477.0857548267355,477.76538779866416,477.55122524243575,477.80991902992093
4.739999999999987,17.253685963134032,13.330596691793207,25.136180226743836,0.5998339512244959,0.24662107888774365,0.0,1.4965723502163877,10.027120697274329,3.650721623214313,0.13789504842497557,0.11054911747676059,0.0,451.7799266801567,454.8310540912958,453.6154548472137,451.818096689924
4.799999999999986,17.33848411091574,13.940903880726577,25.35301822268353,0.608337745977221,0.25270112851805404,0.0,1.3298570806127417,10.315929184881163,3.576080159262266,0.14846109750345013,0.06743804246706751,0.0,473.71605506955893,470.39573047907714,471.3517220042849,472.18516598817604
4.859999999999984,17.413561024394486,14.567779644193434,25.564209212217467,0.6172559483623106,0.2567286750719191,0.0,1.1727548418793057,10.579536117454714,3.462727359772062,0.14898520572476015,0.06649413482639187,0.0,459.6515843999342,459.5799522304704,460.5324163407675,460.59377191476455
4.919999999999983,17.479535359851752,15.209699924903651,25.767450344164132,0.626008444224424,0.2609798979725042,0.0,1.0263807812754902,10.817511148020031,3.311379330966643,0.13879768487377553,0.07838947876391436,0.0,447.69023878315136,448.66116936871765,447.1103044444656,446.29897379792493
4.979999999999982,17.537566323286015,15.863982189691017,25.958940426746395,0.6339964885230831,0.2658994682167064,0.0,0.9077791626277201,10.99190177215913,3.0718122658601974,0.11833097466985616,0.08836589266860939,0.0,412.07394682566354,412.9612390219341,412.3424563164411,410.5472844510385
5.0399999999999805,17.58628937859104,16.53338224758778,26.142420728500007,0.640772423684628,0.2708083224114848,0.0,0.716420171845312,11.320381025472088,3.0426979033987704,0.09904759432852682,0.06361667241648569,0.0,496.45999391,494.6446496807887,496.4926612624309,495.0851324596229
